1
1
2
3
9
17
27
57
124
290
616
1244
2220
3342
4206
4592
4596
4322
3700
2717
1587
692
239
68
15
3
2
0
0
0
0
0
0
0
0
0
0
0
0
0
0
0
0
0
0
0
0
0
0
0
0
0
0
0
0
0
0
0
0
0
0
0
0
0
0
0
0
0
0
0
0
0
0
0
0
0
0
0
0
0
0
0
0
0
0
0
0
0
0
0
0
0
0
0
0
0
0
0
0
0
0
1
1
1
2
4
6
7
17
51
131
284
586
1222
2144
3311
4181
4549
4572
4322
3706
2787
1613
710
262
85
32
10
6
2
1
1
1
0
0
0
0
0
0
0
0
0
0
0
0
0
0
0
0
0
0
0
0
0
0
0
0
0
0
0
0
0
0
0
0
0
0
0
0
0
0
0
0
0
0
0
0
0
0
0
0
0
0
0
0
0
0
0
0
0
0
0
0
0
0
0
0
0
0
0
0
0
2
4
8
21
51
109
252
534
1063
1969
3132
4047
4524
4581
4369
3860
2956
1782
837
302
102
30
8
2
0
0
0
0
0
0
0
0
0
0
0
0
0
0
0
0
0
0
0
0
0
0
0
0
0
0
0
0
0
0
0
0
0
0
0
0
0
0
0
0
0
0
0
0
0
0
0
0
0
0
0
0
0
0
0
0
0
0
0
0
0
0
0
0
0
0
0
0
0
0
0
0
0
0
0
0
0
1
2
6
11
24
50
108
232
483
939
1742
2854
3937
4469
4607
4431
3987
3186
2065
956
367
104
28
12
5
1
1
0
0
0
0
0
0
0
0
0
0
0
0
0
0
0
0
0
0
0
0
0
0
0
0
0
0
0
0
0
0
0
0
0
0
0
0
0
0
0
0
0
0
0
0
0
0
0
0
0
0
0
0
0
0
0
0
0
0
0
0
0
0
0
0
0
0
0
0
0
0
0
0
0
0
4
9
12
25
68
132
296
614
1235
2251
3380
4205
4603
4578
4306
3698
2683
1542
674
212
73
23
5
1
0
0
0
0
0
0
0
0
0
0
0
0
0
0
0
0
0
0
0
0
0
0
0
0
0
0
0
0
0
0
0
0
0
0
0
0
0
0
0
0
0
0
0
0
0
0
0
0
0
0
0
0
0
0
0
0
0
0
0
0
0
0
0
0
0
0
0
0
0
0
0
0
0
0
0
0
0
2
9
19
41
92
210
463
960
1806
2914
3945
4482
4364
4351
3934
3113
2005
954
367
367
127
45
13
3
1
0
0
0
0
0
0
0
0
0
0
0
0
0
0
0
0
0
0
0
0
0
0
0
0
0
0
0
0
0
0
0
0
0
0
0
0
0
0
0
0
0
0
0
0
0
0
0
0
0
0
0
0
0
0
0
0
0
0
0
0
0
0
0
0
0
0
0
0
0
0
0
0
0
0
0
0
3
6
13
30
78
178
396
887
1969
4295
9239
18801
18701
34817
56654
76546
86724
86994
79202
79755
63628
41380
20423
7928
2699
881
328
122
39
19
3
1
1
1
0
0
0
0
0
0
0
0
0
0
0
0
0
0
0
0
0
0
0
0
0
0
0
0
0
0
0
0
0
0
0
0
0
0
0
0
0
0
0
0
0
0
0
0
0
0
0
0
0
0
0
0
0
0
0
0
0
0
0
0
0
0
0
0
0
0
0
2
3
4
9
20
43
100
235
502
1112
2480
5342
5319
11203
22476
40550
62703
80372
87690
91614
87065
76079
57860
35136
16106
5917
1996
605
181
58
18
6
4
1
0
0
0
0
0
0
0
0
0
0
0
0
0
0
0
0
0
0
0
0
0
0
0
0
0
0
0
0
0
0
0
0
0
0
0
0
0
0
0
0
0
0
0
0
0
0
0
0
0
0
0
0
0
0
0
0
0
0
0
0
0
0
0
0
0
0
0
1
1
1
1
1
1
1
0
0
0
0
0
0
0
0
0
0
0
0
0
0
0
0
0
0
0
0
0
0
0
0
0
0
0
0
0
0
0
0
0
0
0
0
0
0
0
0
0
0
0
0
0
0
0
0
0
0
0
0
0
0
0
0
0
0
0
0
0
0
0
0
0
0
0
0
0
0
0
0
0
0
0
0
0
0
0
0
0
0
0
0
0
0
0
0
0
0
0
0
0
0
2
2
2
2
3
3
3
2
6
13
24
53
53
127
268
586
1314
2836
6172
13085
25804
45603
68077
84530
91567
91245
85275
72799
52956
30195
13018
4452
1408
465
148
51
16
5
1
1
1
1
0
0
0
0
0
0
0
0
0
0
0
0
0
0
0
0
0
0
0
0
0
0
0
0
0
0
0
0
0
0
0
0
0
0
0
0
0
0
0
0
0
0
0
0
0
0
0
0
0
0
0
0
0
0
0
0
0
0
0
1
1
1
1
1
1
1
0
0
0
0
0
0
0
0
0
0
0
0
0
0
0
0
0
0
0
0
0
0
0
0
0
0
0
0
0
0
0
0
0
0
0
0
0
0
0
0
0
0
0
0
0
0
0
0
0
0
0
0
0
0
0
0
0
0
0
0
0
0
0
0
0
0
0
0
0
0
0
0
0
0
0
0
0
0
0
0
0
0
0
0
0
0
0
0
0
0
0
0
0
0
2
4
9
19
40
91
211
483
1015
2242
4762
9962
9911
9791
9517
8983
7751
5221
0
0
0
0
0
0
0
0
0
0
0
0
0
0
0
0
0
0
0
0
0
0
0
0
0
0
0
0
0
0
0
0
0
0
0
0
0
0
0
0
0
0
0
0
0
0
0
0
0
0
0
0
0
0
0
0
0
0
0
0
0
0
0
0
0
0
0
0
0
0
0
0
0
0
0
0
0
0
0
0
0
0
0
1
1
1
1
1
1
1
0
0
0
0
0
0
0
0
0
0
0
0
0
0
0
0
0
0
0
0
0
0
0
0
0
0
0
0
0
0
0
0
0
0
0
0
0
0
0
0
0
0
0
0
0
0
0
0
0
0
0
0
0
0
0
0
0
0
0
0
0
0
0
0
0
0
0
0
0
0
0
0
0
0
0
0
0
0
0
0
0
0
0
0
0
0
0
0
0
0
0
0
0
0
1
1
1
1
1
1
1
0
0
0
0
0
0
0
0
0
0
0
0
0
0
0
0
0
0
0
0
0
0
0
0
0
0
0
0
0
0
0
0
0
0
0
0
0
0
0
0
0
0
0
0
0
0
0
0
0
0
0
0
0
0
0
0
0
0
0
0
0
0
0
0
0
0
0
0
0
0
0
0
0
0
0
0
0
0
0
0
0
0
0
0
0
0
0
0
0
0
0
0
0
0
2
2
2
2
2
2
3
4
10
18
35
68
68
67
64
58
50
33
0
0
0
0
0
0
0
0
0
0
0
0
0
0
0
0
0
0
0
0
0
0
0
0
0
0
0
0
0
0
0
0
0
0
0
0
0
0
0
0
0
0
0
0
0
0
0
0
0
0
0
0
0
0
0
0
0
0
0
0
0
0
0
0
0
0
0
0
0
0
0
0
0
0
0
0
0
0
0
0
0
0
0
3
4
5
12
29
65
134
272
597
1279
2853
6191
6155
6086
5945
5619
4936
3355
0
0
0
0
0
0
0
0
0
0
0
0
0
0
0
0
0
0
0
0
0
0
0
0
0
0
0
0
0
0
0
0
0
0
0
0
0
0
0
0
0
0
0
0
0
0
0
0
0
0
0
0
0
0
0
0
0
0
0
0
0
0
0
0
0
0
0
0
0
0
0
0
0
0
0
0
0
0
0
0
0
0
0
2
8
20
37
77
182
424
963
2157
4756
10133
20591
20486
20244
19703
18503
15892
10498
9496
17273
28882
43953
58390
68719
74227
67175
60319
49104
34178
19791
9462
3954
1510
589
195
50
0
0
0
0
0
0
0
0
0
0
0
0
0
0
0
0
0
0
0
0
0
0
0
0
0
0
0
0
0
0
0
0
0
0
0
0
0
0
0
0
0
0
0
0
0
0
0
0
0
0
0
0
0
0
0
0
0
0
0
0
0
0
0
0
0
4
8
14
29
63
138
303
682
1508
1502
1487
1453
3127
6530
13432
25675
45665
68294
68294
66545
62977
55692
42619
22629
7076
8860
11039
13358
15719
18139
20309
15207
13423
11244
8925
6564
4144
2316
530
578
628
679
732
796
516
359
346
319
294
259
215
170
150
128
112
93
84
70
63
55
45
42
37
30
27
19
17
16
13
11
10
10
9
12
11
11
13
12
10
9
5
5
4
3
3
2
2
2
1
1
0
0
0
0
0
0
0
0
0
0
0
1
1
1
2
6
11
25
47
98
98
97
93
88
74
154
293
600
1282
2823
6114
6114
6011
5821
5514
4832
3291
3686
7574
15097
28190
47248
67372
81832
78146
74258
66735
53642
34584
18288
5249
5604
5973
6326
6650
6992
3498
2274
2003
1727
1449
1182
881
581
413
350
271
206
157
120
88
63
44
33
24
16
12
10
6
5
2
1
1
1
1
1
0
0
0
0
0
0
0
0
0
0
0
0
0
0
0
0
0
0
0
0
0
0
0
0
0
0
4
11
24
54
142
303
665
1504
3322
3309
3279
3191
3030
2668
1825
0
0
0
0
0
0
0
0
0
0
0
0
0
0
0
0
0
0
0
0
0
0
0
0
0
0
0
0
0
0
0
0
0
0
0
0
0
0
0
0
0
0
0
0
0
0
0
0
0
0
0
0
0
0
0
0
0
0
0
0
0
0
0
0
0
0
0
0
0
0
0
0
0
0
0
0
0
0
0
0
0
0
0
0
0
0
1
1
3
9
16
27
64
129
292
290
284
277
266
229
163
0
0
0
0
0
0
0
0
0
0
0
0
0
0
0
0
0
0
0
0
0
0
0
0
0
0
0
0
0
0
0
0
0
0
0
0
0
0
0
0
0
0
0
0
0
0
0
0
0
0
0
0
0
0
0
0
0
0
0
0
0
0
0
0
0
0
0
0
0
0
0
0
0
0
0
0
0
0
0
0
0
0
0
0
0
0
1
1
2
4
9
19
39
81
177
176
174
169
159
139
283
536
1179
2606
5685
12034
12034
11847
11498
10855
9428
6349
6427
12623
23415
39223
57380
72230
72230
65803
59607
48815
33007
19708
6840
7447
8083
8695
9329
9903
5585
3864
3430
2941
2448
1928
1438
964
740
596
463
364
262
186
125
90
65
52
32
22
14
9
7
3
2
3
1
1
1
1
1
1
0
0
0
0
0
0
0
0
0
0
0
0
0
0
0
0
0
0
0
0
0
0
0
0
0
1
2
2
4
9
20
48
106
224
224
222
217
206
178
326
647
1447
1447
1447
1447
1447
1240
800
949
2071
4423
4423
4423
4423
4423
8471
16177
27866
46841
67184
67184
67184
62187
53359
39318
20343
5846
7223
8817
8817
8817
8817
8817
2971
1594
339
401
475
561
683
805
963
812
915
1023
1117
1170
1253
1362
1423
1487
1559
1629
1737
1811
1834
1861
1911
1903
1963
1959
1920
1845
1821
1794
1769
1640
1569
1510
1448
1373
1261
1191
1134
1050
992
964
892
856
782
732
675
625
563
515
468
2
4
7
17
36
67
130
268
588
585
575
556
525
462
895
1669
3685
3685
3685
3685
3685
3112
2016
2304
4874
10064
10064
10064
10064
10064
17674
29841
43291
60309
73148
73148
73148
63234
48497
29857
12839
1728
1944
2160
2160
2160
2160
2160
432
216
29
30
32
36
40
45
50
27
29
29
31
33
32
32
32
31
32
33
31
31
30
27
27
27
25
28
27
26
26
29
29
29
24
22
19
16
12
11
6
4
3
5
6
5
3
3
3
4
2
1
1
1
1
1
0
0
0
0
0
0
0
0
0
0
0
0
0
0
0
0
0
0
0
0
0
0
0
0
0
0
0
0
0
0
0
0
0
0
0
0
0
0
0
0
0
0
0
0
0
0
0
2
5
15
31
79
176
370
846
1858
1848
1832
1784
1687
1493
2776
5006
10518
10518
10518
10518
10518
8757
5512
5649
11161
21052
21052
21052
21052
21052
30400
40784
44573
53436
59232
59232
59232
44235
28339
14659
5796
437
474
513
513
513
513
513
76
39
2
2
2
2
3
3
3
1
1
1
1
0
0
0
0
0
0
0
0
0
0
0
0
0
0
0
0
0
0
0
0
0
0
0
0
0
0
0
0
0
0
0
0
0
0
0
0
0
0
0
1
1
1
2
2
2
3
4
8
8
7
7
7
6
12
18
30
30
30
30
30
22
12
10
21
45
45
45
45
45
82
182
395
892
2004
2004
2004
1957
1846
1609
1112
1386
2984
6531
6531
6531
6531
6531
5145
3547
3800
7738
15262
28105
46180
65670
79501
82555
81233
74596
62084
44118
24667
10849
3998
1385
498
169
60
21
8
5
2
2
0
0
0
0
0
0
0
0
0
0
0
0
0
0
0
0
0
0
0
0
0
0
0
0
0
0
1
1
1
1
1
1
1
0
0
0
0
0
0
0
0
0
0
0
0
0
0
0
0
0
0
0
0
0
0
0
0
0
0
0
0
0
0
0
0
0
0
0
0
0
0
0
0
0
0
0
0
0
0
0
0
0
0
0
0
0
0
0
0
0
0
0
0
0
0
0
0
0
0
0
0
0
0
0
0
0
0
0
0
0
0
0
0
0
0
0
0
0
0
0
0
0
0
0
0
0
1
1
1
1
2
4
10
19
48
48
48
47
45
39
69
116
244
244
244
244
244
204
128
159
348
756
756
756
756
756
1528
3172
6418
13443
26403
26403
26403
25472
23639
19985
12960
10765
18401
29156
29156
29156
29156
29156
18391
10755
5234
7517
10617
14530
19211
24117
28791
27695
28158
27068
24522
20672
16279
11975
8084
5475
3535
2225
1423
929
565
324
191
125
72
44
26
20
14
10
6
2
1
0
0
0
0
0
0
0
0
0
0
0
0
0
0
0
0
0
1
1
1
1
1
1
1
0
0
0
0
0
0
0
0
0
0
0
0
0
0
0
0
0
0
0
0
0
0
0
0
0
0
0
0
0
0
0
0
0
0
0
0
0
0
0
0
0
0
0
0
0
0
0
0
0
0
0
0
0
0
0
0
0
0
0
0
0
0
0
0
0
0
0
0
0
0
0
0
0
0
0
0
0
0
0
0
0
0
0
0
0
0
0
0
0
0
0
0
0
2
2
2
2
2
3
6
5
15
15
15
15
14
11
19
27
52
52
52
52
52
43
25
35
73
159
159
159
159
159
291
616
1211
2729
5816
5816
5816
5649
5286
4605
3087
3548
7472
15175
15175
15175
15175
15175
11627
7703
7106
13027
22624
36228
51252
63682
71437
68113
63689
54696
41332
26394
14009
6271
2495
1000
398
158
72
27
10
4
2
0
0
0
0
0
0
0
0
0
0
0
0
0
0
0
0
0
0
0
0
0
0
0
0
0
0
0
2
3
4
9
15
28
52
115
238
237
232
226
213
189
358
646
1438
1438
1438
1438
1438
1204
792
981
2164
4676
4676
4676
4676
4676
8854
16807
29121
48717
68632
68632
68632
63473
54337
39511
19915
5097
6282
7562
7562
7562
7562
7562
2465
1280
264
310
380
454
538
619
754
624
713
768
843
920
1000
1069
1131
1176
1250
1321
1378
1479
1545
1597
1646
1694
1724
1768
1775
1754
1768
1811
1826
1817
1788
1736
1698
1623
1545
1443
1357
1285
1206
1119
1055
962
898
825
778
723
673
608
7
13
30
70
155
323
700
1542
3385
3368
3328
3243
3075
2698
4961
8612
17318
17318
17318
17318
17318
14206
8706
7960
14494
25022
25022
25022
25022
25022
31200
37283
36624
42691
47043
47043
47043
32905
20288
10419
4352
340
354
379
379
379
379
379
39
25
1
1
1
2
2
2
2
1
1
2
1
1
1
1
1
1
0
0
0
0
0
0
0
0
0
0
0
0
0
0
0
0
0
0
0
0
0
0
0
0
0
0
0
0
0
0
0
0
0
0
2
5
16
27
61
143
314
699
1551
1540
1529
1495
1413
1242
2353
4234
8896
8896
8896
8896
8896
7398
4662
4966
9875
18868
18868
18868
18868
18868
28370
39906
46102
56269
62959
62959
62959
48491
32046
16857
6690
577
622
668
668
668
668
668
91
46
5
5
5
5
6
6
6
1
1
1
2
1
1
2
2
2
3
2
2
2
3
4
5
4
4
4
4
2
1
0
0
0
0
0
0
0
0
0
0
0
0
0
0
0
0
0
0
0
0
0
3
8
20
47
105
237
532
1177
2567
2555
2528
2470
2338
2043
3703
6564
13689
13689
13689
13689
13689
11381
7125
6973
13315
23780
23780
23780
23780
23780
31688
39567
40604
47878
52670
52670
52670
37789
23568
12066
4792
337
371
393
393
393
393
393
56
22
0
0
0
0
0
0
0
0
0
0
0
0
0
0
0
0
0
0
0
0
0
0
0
0
0
0
0
0
0
0
0
0
0
0
0
0
0
0
0
0
0
0
0
0
0
0
0
0
0
0
2
5
9
22
55
121
274
620
1368
1364
1351
1318
1252
1099
1982
3557
7514
7514
7514
7514
7514
6283
3957
4297
8712
16975
16975
16975
16975
16975
26537
38652
46506
58092
65915
65915
65915
52056
35526
19409
7823
671
735
787
787
787
787
787
116
52
4
5
5
6
7
7
8
4
3
3
2
1
1
0
0
0
0
0
0
0
0
0
0
0
0
0
0
0
0
0
0
0
0
0
0
0
0
0
0
0
0
0
0
0
0
0
0
0
0
0
3
4
7
15
37
81
178
372
863
860
852
830
786
689
1336
2437
5170
5170
5170
5170
5170
4326
2733
3005
6298
12734
12734
12734
12734
12734
21404
34119
45620
60503
70905
70905
70905
59230
43222
25285
10402
1089
1199
1330
1330
1330
1330
1330
241
131
5
8
8
9
9
10
11
8
7
8
7
7
7
6
4
2
1
1
1
0
0
0
0
0
0
0
0
0
0
0
0
0
0
0
0
0
0
0
0
0
0
0
0
0
0
0
0
0
0
0
1
1
5
9
18
47
111
216
455
451
447
438
409
345
668
1303
2886
2886
2886
2886
2886
2457
1583
1913
4043
8458
8458
8458
8458
8458
15128
26401
40196
58576
73410
73410
73410
64827
51424
33214
14834
2268
2601
2958
2958
2958
2958
2958
690
357
39
46
50
55
63
71
80
54
53
52
59
61
60
62
58
57
59
56
48
46
38
35
33
30
27
32
30
27
24
23
28
26
21
21
27
29
31
29
29
31
33
30
26
25
22
20
16
13
15
17
